 7003,1970071406,18.900000000000002,120.2, 990,2
 7003,1970071412,19.400000000000002,119.60000000000001, 990,2
 7003,1970071418,19.700000000000003,118.9, 988,2
 7003,1970071500,19.900000000000002,117.5, 984,3
 7003,1970071506,20.200000000000003,116.9, 985,3
 7003,1970071512,20.6,116.10000000000001, 985,3
 7004,1970080112,21.3,120.5, 996,2
 7004,1970080118,21.400000000000002,119.10000000000001, 996,2
 7004,1970080200,21.8,118.0, 992,3
 7004,1970080206,22.3,117.10000000000001, 990,3
 7005,1970080712,17.8,119.30000000000001, 998,1
 7005,1970080718,18.5,118.4, 996,2
 7005,1970080800,19.200000000000003,117.5, 990,2
 7005,1970080806,19.6,116.60000000000001, 996,2
 7005,1970080812,20.3,115.80000000000001, 996,2
 7011,1970091118,17.7,118.60000000000001, 970,4
 7011,1970091200,17.900000000000002,117.9, 985,4
 7011,1970091206,18.3,117.30000000000001, 980,4
 7011,1970091212,18.8,116.7, 975,4
 7011,1970091218,19.5,116.2, 975,4
 7011,1970091300,20.0,115.80000000000001, 975,4
 7011,1970091306,20.5,115.4, 975,4
 7012,1970100718,20.5,115.9, 990,3
 7012,1970100800,20.1,116.7, 999,2
 7012,1970100806,19.400000000000002,117.30000000000001,1002,0
 7103,1971050406,17.6,118.4, 997,2
 7103,1971050412,18.1,118.4, 997,3
 7103,1971050418,18.7,118.80000000000001, 997,3
 7103,1971050500,19.200000000000003,119.4, 995,3
 7103,1971050506,20.3,120.60000000000001, 998,3
 7108,1971061600,18.3,119.5, 988,4
 7108,1971061606,18.900000000000002,118.4, 988,4
 7108,1971061612,19.5,117.2, 988,4
 7108,1971061618,19.900000000000002,116.30000000000001, 985,4
 7108,1971061700,20.400000000000002,115.5, 980,4
 7114,1971072018,20.6,119.9, 945,6
 7114,1971072100,20.900000000000002,118.5, 945,6
 7114,1971072106,21.200000000000003,117.60000000000001, 955,5
 7114,1971072112,21.400000000000002,116.60000000000001, 955,5
 7114,1971072118,21.700000000000003,116.0, 960,5
 7118,1971081412,17.8,118.30000000000001, 982,5
 7118,1971081418,18.1,117.2, 980,5
 7118,1971081500,18.400000000000002,116.30000000000001, 980,5
 7125,1971092718,18.3,118.60000000000001, 995,2
 7125,1971092800,18.8,117.2, 995,3
 7125,1971092806,19.0,115.80000000000001, 990,4
 7204,1972070718,17.8,118.5,1000,1
 7204,1972070800,18.400000000000002,118.0, 998,2
 7204,1972070806,18.7,117.9, 995,2
 7204,1972070812,19.1,117.7, 985,3
 7204,1972070818,19.200000000000003,117.2, 985,3
 7204,1972070900,19.400000000000002,116.80000000000001, 985,3
 7204,1972070906,19.6,116.4, 985,3
 7204,1972070912,19.8,116.30000000000001, 985,3
 7204,1972070918,19.900000000000002,116.2, 985,3
 7204,1972071000,20.0,116.10000000000001, 985,3
 7204,1972071006,20.1,116.10000000000001, 980,4
 7204,1972071012,20.200000000000003,116.0, 980,5
 7204,1972071018,20.6,115.80000000000001, 980,4
 7204,1972071100,21.0,116.0, 980,4
 7204,1972071106,21.5,116.4, 985,3
 7204,1972071112,21.8,116.9, 985,3
 7204,1972071118,22.0,117.10000000000001, 985,3
 7204,1972071200,22.3,117.2, 985,3
 7204,1972071206,22.5,117.10000000000001, 985,3
 7204,1972071312,22.1,116.5, 985,3
 7204,1972071318,22.0,116.80000000000001, 985,3
 7204,1972071400,22.0,117.2, 985,2
 7204,1972071406,22.200000000000003,117.60000000000001, 987,2
 7210,1972082318,20.400000000000002,120.0,1003,1
 7210,1972082400,20.3,119.2,1003,1
 7210,1972082406,20.200000000000003,118.4,1003,1
 7210,1972082412,19.900000000000002,117.60000000000001,1003,1
 7210,1972082418,19.700000000000003,116.80000000000001,1003,1
 7210,1972082500,19.400000000000002,116.4,1003,1
 7210,1972082506,19.200000000000003,116.10000000000001,1002,1
 7210,1972082512,19.0,115.60000000000001,1000,1
 7216,1972093006,18.0,117.0,1006,0
 7301,1973063018,17.900000000000002,119.2,1002,1
 7301,1973070100,18.400000000000002,118.80000000000001, 998,2
 7301,1973070106,18.900000000000002,118.5, 996,2
 7301,1973070112,19.5,118.2, 994,3
 7301,1973070118,20.1,118.0, 990,3
 7301,1973070200,20.8,117.80000000000001, 982,3
 7301,1973070206,21.400000000000002,117.7, 982,3
 7301,1973070212,22.0,117.60000000000001, 982,3
 7307,1973080600,20.200000000000003,120.2,1007,0
 7307,1973080606,20.0,119.9,1005,0
 7307,1973080612,19.900000000000002,119.7,1005,0
 7307,1973080618,19.8,119.60000000000001,1005,0
 7307,1973080700,19.8,119.4,1005,0
 7307,1973080706,19.8,119.4,1005,0
 7307,1973080712,19.8,119.4,1004,0
 7307,1973080718,19.8,119.2,1004,0
 7307,1973080800,19.8,119.10000000000001,1004,0
 7307,1973080806,19.8,118.7,1002,1
 7307,1973080812,19.8,118.4,1002,1
 7307,1973080818,19.8,118.0,1002,1
 7307,1973080900,19.8,117.5, 998,1
 7307,1973080906,19.900000000000002,116.80000000000001, 990,2
 7307,1973080912,19.8,115.9, 985,3
 7310,1973082006,21.200000000000003,119.5, 995,2
 7310,1973082012,21.1,118.2, 995,1
 7310,1973082018,21.1,116.80000000000001, 996,1
 7311,1973082206,19.700000000000003,119.80000000000001, 996,1
 7311,1973082212,19.5,118.4, 996,1
 7311,1973082218,19.5,117.10000000000001, 995,1
 7311,1973082300,19.5,115.9, 995,1
 7313,1973090306,19.3,120.4, 995,3
 7313,1973090312,19.1,120.10000000000001, 995,3
 7313,1973090318,19.0,119.7, 995,3
 7313,1973090400,19.3,119.10000000000001, 995,3
 7313,1973090406,19.5,118.7, 995,3
 7313,1973090412,19.700000000000003,118.10000000000001, 995,3
 7313,1973090418,19.8,117.2, 990,3
 7313,1973090500,19.900000000000002,116.30000000000001, 985,3
 7313,1973090506,19.900000000000002,115.4, 980,4
 7314,1973091206,17.7,118.4,1000,2
 7314,1973091212,18.2,117.2, 995,2
 7314,1973091218,18.3,116.10000000000001, 990,3
 7315,1973100812,20.1,120.5, 975,4
 7315,1973100818,20.6,120.10000000000001, 975,4
 7315,1973100900,20.8,119.7, 975,4
 7315,1973100906,21.3,119.60000000000001, 975,4
 7315,1973100912,22.1,119.4, 975,4
 7317,1973101212,18.3,119.2,1002,1
 7317,1973101218,17.8,117.2,1002,1
 7411,1974072018,17.5,117.9, 980,4
 7411,1974072100,18.0,116.60000000000001, 975,4
 7412,1974080818,17.7,118.9, 998,1
 7412,1974080900,18.6,119.10000000000001, 998,1
 7412,1974080906,19.200000000000003,119.4, 994,2
 7412,1974080912,19.8,119.60000000000001, 990,3
 7412,1974080918,20.5,119.80000000000001, 990,3
 7412,1974081000,21.200000000000003,119.60000000000001, 994,2
 7412,1974081006,21.900000000000002,119.4, 994,2
 7417,1974082600,20.400000000000002,117.2,1002,1
 7417,1974082606,20.1,116.9,1002,1
 7417,1974082612,20.3,116.4,1000,1
 7417,1974082618,20.700000000000003,116.9,1000,1
 7417,1974082700,20.3,117.5, 998,1
 7417,1974082706,20.400000000000002,118.5, 998,1
 7417,1974082712,20.8,120.2, 995,2
 7419,1974090306,21.8,116.80000000000001,1002,0
 7419,1974090312,21.900000000000002,117.10000000000001,1002,0
 7419,1974090318,21.8,117.4,1002,0
 7419,1974090400,21.5,117.60000000000001,1002,0
 7419,1974090406,21.200000000000003,117.2,1002,0
 7419,1974090412,20.900000000000002,116.60000000000001,1000,0
 7419,1974090418,20.700000000000003,116.30000000000001,1000,1
 7419,1974090500,20.5,115.9, 998,1
 7419,1974090506,20.5,115.4, 997,2
 7420,1974092612,20.400000000000002,120.60000000000001, 993,3
 7420,1974092618,20.8,120.4, 992,3
 7420,1974092700,21.200000000000003,120.5, 992,3
 7421,1974101118,18.400000000000002,119.0, 980,4
 7421,1974101200,18.8,118.30000000000001, 980,4
 7421,1974101206,19.1,117.60000000000001, 980,4
 7421,1974101212,19.400000000000002,116.7, 980,4
 7421,1974101218,19.700000000000003,115.7, 980,4
 7422,1974101700,17.900000000000002,118.60000000000001, 975,4
 7422,1974101706,18.400000000000002,117.4, 979,4
 7422,1974101712,19.0,116.4, 979,4
 7422,1974101718,19.400000000000002,115.5, 979,4
 7423,1974102318,18.5,120.2, 967,4
 7423,1974102400,18.2,119.60000000000001, 967,4
 7423,1974102406,18.1,118.9, 967,4
 7423,1974102412,18.0,118.10000000000001, 967,5
 7423,1974102418,18.0,116.9, 963,5
 7424,1974102818,18.0,118.10000000000001, 970,4
 7424,1974102900,18.400000000000002,117.2, 975,4
 7424,1974102906,19.0,116.30000000000001, 975,4
 7424,1974102912,19.700000000000003,115.5, 978,4
 7426,1974110712,18.3,119.30000000000001, 975,4
 7426,1974110718,18.7,118.60000000000001, 980,4
 7426,1974110800,19.700000000000003,117.9, 985,4
 7426,1974110806,20.700000000000003,117.5, 987,4
 7426,1974110812,21.5,117.2, 989,4
 7426,1974110818,22.1,117.0, 990,3
 7426,1974110900,22.400000000000002,116.7, 992,3
 7426,1974111012,20.8,115.4,1007,0
 7506,1975080906,18.400000000000002,116.0, 997,0
 7514,1975101218,21.0,120.60000000000001, 915,6
 7514,1975101300,21.200000000000003,119.60000000000001, 930,6
 7514,1975101306,21.400000000000002,118.5, 950,5
 7514,1975101312,21.6,117.4, 960,4
 7514,1975101318,21.8,116.4, 965,4
 7605,1976052506,18.0,119.4, 985,2
 7605,1976052512,19.0,120.0, 985,2
 7607,1976062518,17.400000000000002,118.60000000000001, 970,4
 7607,1976062600,18.1,117.7, 980,3
 7607,1976062606,18.5,117.30000000000001, 985,3
 7607,1976062612,19.0,116.9, 985,3
 7607,1976062618,19.3,116.2, 985,3
 7607,1976062700,19.8,116.2, 985,3
 7607,1976062706,20.200000000000003,116.5, 985,3
 7607,1976062712,20.3,117.0, 985,3
 7607,1976062718,20.5,117.5, 985,3
 7607,1976062800,21.0,118.0, 980,4
 7607,1976062806,21.0,118.5, 980,4
 7607,1976062812,21.1,119.0, 980,4
 7607,1976062818,21.0,119.5, 980,4
 7607,1976062900,21.0,120.2, 975,4
 7616,1976082218,18.8,119.9, 996,2
 7616,1976082300,19.3,118.80000000000001, 996,2
 7616,1976082306,20.0,117.60000000000001, 994,3
 7616,1976082312,20.700000000000003,117.0, 990,3
 7616,1976082318,21.6,116.2, 985,3
 7619,1976091600,17.8,118.30000000000001, 993,3
 7619,1976091606,18.3,118.2, 990,3
 7619,1976091612,18.6,117.80000000000001, 990,3
 7619,1976091618,18.900000000000002,117.30000000000001, 990,3
 7619,1976091700,19.1,116.9, 985,3
 7619,1976091706,19.400000000000002,116.5, 983,4
 7619,1976091712,19.6,116.10000000000001, 980,4
 7619,1976091718,19.700000000000003,115.7, 980,4
 7619,1976091800,19.900000000000002,115.30000000000001, 980,4
 7619,1976093006,21.6,116.4,1005,1
 7619,1976093012,21.6,117.0,1005,1
 7619,1976093018,21.6,117.60000000000001,1005,1
 7619,1976100100,21.6,118.2,1005,1
 7619,1976100106,21.5,118.9,1005,0
 7701,1977061500,18.5,116.7, 978,3
 7701,1977061506,19.6,117.10000000000001, 970,3
 7701,1977061512,20.5,117.5, 980,3
 7701,1977061518,21.3,117.7, 980,3
 7701,1977061600,22.1,117.80000000000001, 985,3
 7704,1977072400,19.700000000000003,120.60000000000001, 960,4
 7704,1977072406,20.1,120.10000000000001, 960,4
 7704,1977072412,20.700000000000003,119.60000000000001, 960,4
 7704,1977072418,21.3,119.80000000000001, 960,4
 7707,1977082006,20.700000000000003,120.4, 988,2
 7707,1977082012,21.1,119.9, 985,2
 7707,1977082018,21.3,119.2, 985,2
 7707,1977082100,21.5,118.7, 988,2
 7707,1977082106,20.700000000000003,118.4, 988,2
 7707,1977082112,21.400000000000002,118.7, 990,2
 7707,1977082118,22.1,119.0, 990,2
 7710,1977091718,17.8,116.5, 980,3
 7710,1977091800,18.2,116.80000000000001, 980,3
 7710,1977091806,18.6,117.2, 980,3
 7710,1977091812,19.1,117.60000000000001, 975,3
 7710,1977091818,19.5,117.9, 975,3
 7710,1977091900,19.700000000000003,118.30000000000001, 971,3
 7710,1977091906,19.900000000000002,118.80000000000001, 970,3
 7710,1977091912,20.1,119.0, 970,3
 7710,1977091918,20.400000000000002,119.2, 970,3
 7710,1977092000,20.5,119.10000000000001, 963,4
 7710,1977092006,20.5,119.0, 965,4
 7710,1977092012,20.3,118.80000000000001, 965,4
 7710,1977092018,20.200000000000003,118.60000000000001, 965,4
 7710,1977092100,20.1,118.30000000000001, 965,4
 7710,1977092106,20.1,118.0, 970,4
 7710,1977092112,20.0,117.2, 975,3
 7710,1977092118,19.5,116.5, 975,3
 7712,1977092312,19.0,120.0, 990,2
 7712,1977092318,19.200000000000003,118.7, 985,3
 7712,1977092400,19.5,116.80000000000001, 980,3
 7716,1977111512,17.6,118.2, 995,2
 7716,1977111518,18.6,118.80000000000001, 998,2
 7716,1977111600,19.6,120.30000000000001, 998,2
 7801,1978042412,19.700000000000003,115.9, 960,4
 7801,1978042418,20.200000000000003,117.2, 965,4
 7801,1978042500,20.900000000000002,118.80000000000001, 970,4
 7807,1978072418,18.6,115.60000000000001, 995,1
 7807,1978072500,19.8,115.7, 988,2
 7807,1978072506,20.3,115.7, 988,3
 7807,1978072512,20.8,115.60000000000001, 985,3
 7812,1978082500,17.400000000000002,118.30000000000001, 980,3
 7812,1978082600,18.3,116.9, 975,3
 7812,1978082606,19.1,116.0, 975,3
 7812,1978082612,19.6,115.2, 970,4
 7815,1978091000,19.5,120.5,1004,0
 7815,1978091006,19.8,119.80000000000001,1002,1
 7815,1978091012,20.5,119.7,1002,1
 7815,1978091018,21.0,120.5,1002,1
 7905,1979070406,19.400000000000002,120.2, 975,4
 7905,1979070412,19.8,119.30000000000001, 975,4
 7905,1979070418,20.0,117.9, 980,3
 7905,1979070500,20.3,116.5, 980,3
 7908,1979080112,21.3,120.10000000000001, 920,6
 7908,1979080118,21.8,118.30000000000001, 925,6
 7908,1979080200,22.200000000000003,116.60000000000001, 940,6
 7907,1979072818,22.5,118.60000000000001, 980,3
 7913,1979092012,17.5,118.60000000000001,1000,1
 7913,1979092018,17.8,118.30000000000001,1000,1
 7913,1979092100,18.400000000000002,118.10000000000001, 998,1
 7913,1979092106,18.900000000000002,117.80000000000001, 998,1
 7913,1979092112,19.400000000000002,117.30000000000001, 998,1
 7913,1979092118,19.8,116.9, 998,1
 7913,1979092200,20.1,116.5, 998,1
 7913,1979092206,20.5,116.2, 998,1
 7913,1979092212,20.900000000000002,116.0, 996,1
 7920,1979110800,17.400000000000002,117.80000000000001,1004,1
 8003,1980052606,18.900000000000002,119.9,1002,1
 8003,1980052612,20.0,120.0,1002,0
 8003,1980052618,21.0,120.30000000000001,1002,0
 8006,1980071000,20.900000000000002,120.5, 985,3
 8006,1980071006,21.1,119.80000000000001, 985,3
 8006,1980071012,21.400000000000002,119.0, 985,3
 8006,1980071018,21.700000000000003,118.4, 985,3
 8006,1980071100,21.900000000000002,117.9, 985,3
 8006,1980071106,22.3,117.30000000000001, 985,3
 8007,1980072106,18.1,119.0, 970,4
 8007,1980072112,18.7,117.2, 970,4
 8009,1980072518,18.5,119.2, 988,4
 8009,1980072600,19.1,118.7, 988,4
 8009,1980072606,19.700000000000003,118.10000000000001, 988,3
 8009,1980072612,20.200000000000003,117.30000000000001, 988,3
 8009,1980072618,20.8,116.9, 988,3
 8009,1980072700,21.700000000000003,116.5, 988,3
 8011,1980081612,18.5,118.5,1002,1
 8011,1980081618,19.0,117.80000000000001,1000,1
 8011,1980081700,18.5,116.2,1000,1
 8021,1980110512,18.400000000000002,120.30000000000001, 988,3
 8021,1980110518,19.1,120.30000000000001, 990,3
 8021,1980110600,19.700000000000003,120.7, 990,3
 8103,1981060718,17.400000000000002,117.30000000000001,1003,0
 8103,1981060800,17.8,116.5,1002,1
 8103,1981061206,19.700000000000003,116.0, 975,3
 8103,1981061212,20.400000000000002,117.4, 967,3
 8103,1981061218,21.0,118.80000000000001, 970,3
 8106,1981070506,18.2,117.7, 990,3
 8106,1981070512,18.900000000000002,117.0, 990,3
 8106,1981070518,19.700000000000003,115.7, 985,3
 8111,1981080518,17.400000000000002,117.5, 990,2
 8111,1981080600,18.0,118.0, 990,3
 8111,1981080606,18.6,118.4, 986,3
 8111,1981080612,19.400000000000002,118.5, 990,2
 8111,1981080618,20.0,118.30000000000001, 990,2
 8111,1981080700,20.400000000000002,118.0, 993,2
 8111,1981080706,20.6,117.5, 995,2
 8111,1981080712,20.5,117.0, 995,2
 8111,1981080718,20.200000000000003,116.4, 998,1
 8111,1981080800,19.8,115.80000000000001, 998,1
 8111,1981080806,19.5,115.2, 998,1
 8116,1981092012,19.6,120.4, 952,5
 8116,1981092018,20.200000000000003,119.30000000000001, 956,4
 8116,1981092100,20.6,118.5, 960,4
 8116,1981092106,21.0,117.7, 960,4
 8116,1981092112,21.6,117.0, 960,4
 8121,1981112500,18.0,119.2, 985,3
 8121,1981112506,19.1,119.5, 988,3
 8121,1981112512,19.900000000000002,119.9, 990,2
 8121,1981112518,20.5,120.5, 992,2
 8205,1982070112,22.0,116.4, 996,1
 8205,1982070118,21.900000000000002,117.10000000000001, 996,0
 8205,1982070200,21.8,118.4, 996,0
 8208,1982071600,17.8,117.0, 988,3
 8214,1982082506,18.3,120.10000000000001, 985,2
 8214,1982082512,18.900000000000002,120.0, 988,2
 8214,1982082518,19.5,120.2, 990,2
 8214,1982082600,19.900000000000002,120.5, 990,2
 8214,1982090306,20.8,120.60000000000001,1003,0
 8214,1982090312,19.900000000000002,118.7,1004,0
 8221,1982101506,17.5,118.30000000000001, 981,4
 8304,1983072418,21.200000000000003,120.4, 935,6
 8304,1983072500,22.3,119.4, 945,5
 8307,1983081206,17.7,116.80000000000001,1000,1
 8307,1983081212,18.0,116.80000000000001,1000,1
 8307,1983081218,18.3,116.9,1002,1
 8307,1983081300,18.7,117.2,1002,1
 8307,1983081306,19.0,117.80000000000001,1002,1
 8307,1983081312,19.3,119.0,1000,1
 8307,1983081318,19.6,120.30000000000001, 998,1
 8309,1983090700,19.200000000000003,120.2, 965,5
 8309,1983090706,19.6,119.10000000000001, 963,5
 8309,1983090712,19.8,118.30000000000001, 960,5
 8309,1983090718,20.0,117.5, 963,5
 8309,1983090800,20.3,116.7, 965,5
 8309,1983090806,20.8,115.9, 965,5
 8311,1983092806,17.5,117.0,1005,1
 8311,1983092812,18.0,116.5,1002,1
 8311,1983092818,18.6,115.80000000000001,1002,1
 8402,1984062400,21.5,118.9, 980,3
 8402,1984062406,21.5,117.60000000000001, 980,3
 8402,1984062412,21.3,116.2, 980,3
 8404,1984070712,18.0,116.5, 998,2
 8404,1984070718,18.5,116.0, 997,2
 8404,1984070800,19.0,115.5, 995,3
 8408,1984081500,19.5,118.0, 996,1
 8408,1984081506,19.8,118.5, 996,1
 8408,1984081512,19.700000000000003,119.0, 995,1
 8408,1984081518,19.700000000000003,119.0, 995,1
 8408,1984081600,20.200000000000003,118.5, 992,1
 8408,1984081606,20.200000000000003,118.0, 988,2
 8408,1984081612,20.0,117.4, 985,2
 8408,1984081618,19.5,116.80000000000001, 983,2
 8408,1984081700,19.0,116.30000000000001, 980,3
 8408,1984081706,18.6,116.10000000000001, 980,3
 8408,1984081712,18.5,115.9, 980,3
 8411,1984082906,19.1,120.10000000000001, 985,3
 8411,1984082912,19.6,119.2, 985,3
 8411,1984082918,20.0,118.5, 985,3
 8411,1984083000,20.700000000000003,118.0, 985,3
 8411,1984083006,21.400000000000002,117.5, 980,3
 8411,1984083012,22.0,116.9, 980,3
 8504,1985062206,19.3,120.4, 960,4
 8504,1985062212,19.700000000000003,119.80000000000001, 962,4
 8504,1985062218,20.200000000000003,119.0, 965,4
 8504,1985062300,20.900000000000002,118.0, 965,4
 8504,1985062306,21.400000000000002,117.10000000000001, 965,4
 8504,1985062312,21.6,116.2, 965,4
 8515,1985090400,18.0,118.80000000000001, 985,3
 8515,1985090406,18.6,117.2, 980,3
 8515,1985090412,19.200000000000003,116.0, 980,3
 8516,1985091700,21.1,120.30000000000001, 992,2
 8516,1985091706,21.400000000000002,119.5, 998,1
 8518,1985092612,17.8,118.5,1002,1
 8518,1985092618,18.6,117.9,1002,1
 8518,1985092700,19.0,117.0,1002,1
 8518,1985092706,18.8,116.4,1000,1
 8518,1985092712,18.900000000000002,116.0,1000,1
 8518,1985092718,19.0,115.7,1000,1
 8518,1985092800,19.1,115.4, 998,2
 8522,1985102500,18.2,119.0,1000,1
 8522,1985102506,18.0,118.60000000000001,1000,1
 8522,1985102512,17.900000000000002,119.0,1000,1
 8522,1985102518,18.1,119.5,1000,1
 8522,1985102600,18.2,119.80000000000001, 998,2
 8522,1985102606,18.6,120.4, 998,2
 8604,1986052306,19.700000000000003,115.30000000000001, 995,2
 8604,1986052312,19.700000000000003,115.60000000000001, 995,2
 8604,1986052318,20.0,116.0, 995,2
 8604,1986052400,20.3,116.7, 995,2
 8604,1986052406,20.200000000000003,117.10000000000001, 995,2
 8604,1986052412,19.900000000000002,117.60000000000001, 995,2
 8604,1986052418,20.0,118.2, 995,2
 8604,1986052500,20.0,119.0, 995,2
 8604,1986052506,20.1,119.7, 995,2
 8604,1986052512,20.200000000000003,120.2, 995,2
 8604,1986052518,20.3,120.7, 995,2
 8607,1986070918,19.0,120.0, 940,4
 8607,1986071000,19.5,119.4, 950,4
 8607,1986071006,19.900000000000002,118.7, 960,4
 8607,1986071012,20.5,118.0, 970,4
 8607,1986071018,21.3,117.30000000000001, 976,4
 8607,1986071100,22.0,116.4, 976,4
 8616,1986082500,21.200000000000003,119.2, 992,2
 8616,1986082506,20.700000000000003,118.0, 992,2
 8616,1986082512,20.0,117.2, 992,2
 8616,1986082518,19.700000000000003,116.2, 992,2
 8616,1986082600,19.200000000000003,115.60000000000001, 992,2
 8616,1986082700,18.2,116.0, 995,1
 8616,1986082706,18.2,116.9, 995,1
 8616,1986082712,18.3,117.7, 995,1
 8616,1986082718,18.7,118.7, 995,1
 8616,1986082800,19.200000000000003,120.0, 992,2
 8616,1986082806,19.900000000000002,120.60000000000001, 992,2
 8616,1986090300,18.8,120.10000000000001, 972,4
 8616,1986090306,18.5,119.30000000000001, 972,4
 8616,1986090312,18.3,118.30000000000001, 972,4
 8616,1986090318,18.3,117.5, 965,4
 8616,1986090400,18.7,116.80000000000001, 950,5
 8616,1986090406,19.3,115.30000000000001, 955,4
 8621,1986101412,17.900000000000002,117.80000000000001, 960,4
 8621,1986101418,17.900000000000002,117.5, 963,4
 8621,1986101500,17.8,117.2, 968,4
 8621,1986101506,18.1,117.2, 970,4
 8621,1986101512,18.5,117.2, 970,4
 8621,1986101518,18.900000000000002,117.10000000000001, 970,4
 8621,1986101600,18.900000000000002,116.80000000000001, 975,4
 8621,1986101606,19.200000000000003,116.5, 975,4
 8621,1986101612,19.400000000000002,116.0, 975,4
 8621,1986101618,19.700000000000003,115.5, 975,4
 8625,1986111600,20.3,115.60000000000001, 987,3
 8625,1986111606,19.700000000000003,115.30000000000001, 988,3
 8702,1987061618,17.5,117.5,1002,1
 8702,1987061700,17.8,117.0,1000,1
 8702,1987061706,18.1,116.60000000000001, 998,1
 8702,1987061712,18.3,116.10000000000001, 995,1
 8702,1987061718,19.0,115.60000000000001, 995,2
 8719,1987102406,19.6,120.30000000000001, 955,4
 8719,1987102412,19.8,120.0, 960,4
 8719,1987102418,20.1,119.7, 960,4
 8719,1987102500,20.200000000000003,119.5, 970,3
 8719,1987102506,20.6,119.30000000000001, 975,3
 8719,1987102512,20.8,119.10000000000001, 985,3
 8719,1987102518,20.900000000000002,118.9, 985,3
 8719,1987102600,20.900000000000002,118.9, 990,3
 8719,1987102606,20.900000000000002,118.9, 995,2
 8719,1987102612,21.0,118.7, 995,2
 8719,1987102618,21.0,118.4, 996,2
 8719,1987102700,21.0,118.0, 996,2
 8719,1987102706,21.0,117.30000000000001,1000,2
 8719,1987102712,21.0,116.4,1002,1
 8719,1987102718,21.200000000000003,115.60000000000001,1004,1
 8721,1987112818,19.900000000000002,115.4, 985,3
 8721,1987112900,19.3,116.30000000000001,1000,2
 8721,1987112906,19.3,117.80000000000001,1004,2
 8802,1988052912,19.0,119.30000000000001, 999,1
 8802,1988052918,18.7,119.4, 999,1
 8802,1988053000,18.5,119.5, 998,1
 8802,1988053006,18.3,119.2, 995,2
 8802,1988053012,18.3,119.2, 995,2
 8802,1988053018,18.2,118.7, 995,2
 8802,1988053100,18.400000000000002,118.30000000000001, 990,3
 8802,1988053106,18.7,118.10000000000001, 985,3
 8802,1988053112,19.5,117.80000000000001, 980,4
 8802,1988053118,19.900000000000002,117.7, 975,4
 8802,1988060100,20.200000000000003,117.5, 975,4
 8802,1988060106,20.6,118.0, 975,4
 8802,1988060112,21.0,118.7, 975,4
 8802,1988060118,21.6,119.7, 980,4
 8805,1988071806,19.200000000000003,120.5, 960,4
 8805,1988071812,20.200000000000003,119.30000000000001, 965,4
 8805,1988071818,20.6,118.10000000000001, 965,4
 8805,1988071900,21.3,117.10000000000001, 970,4
 8817,1988092006,18.900000000000002,120.0, 995,2
 8817,1988092012,19.400000000000002,119.4, 995,2
 8817,1988092018,19.8,118.80000000000001, 990,3
 8817,1988092100,20.3,118.30000000000001, 985,3
 8817,1988092106,20.8,117.80000000000001, 980,3
 8817,1988092112,21.700000000000003,117.2, 970,4
 8903,1989051900,17.5,117.0, 985,3
 8903,1989051906,18.0,116.4, 980,3
 8903,1989051912,18.8,115.80000000000001, 980,3
 8903,1989051918,19.6,115.2, 975,4
 8907,1989070906,17.400000000000002,117.5, 980,3
 8907,1989070912,17.7,116.60000000000001, 980,3
 8908,1989071612,18.5,119.0, 935,5
 8908,1989071618,18.900000000000002,117.80000000000001, 940,5
 8908,1989071700,19.1,116.7, 955,4
 8908,1989071706,19.8,115.80000000000001, 960,4
 8925,1989100606,18.8,120.10000000000001, 950,5
 8925,1989100612,18.7,119.4, 950,5
 8925,1989100618,18.5,118.5, 955,4
 8925,1989100700,18.5,118.10000000000001, 955,4
 8925,1989100706,18.400000000000002,117.4, 960,4
 8925,1989100712,18.400000000000002,116.60000000000001, 960,4
 8925,1989100718,18.400000000000002,115.9, 960,4
 8926,1989092906,18.0,118.0,1000,1
 8926,1989092912,18.5,117.5,1000,1
 8926,1989092918,18.900000000000002,116.9,1000,1
 8926,1989093000,19.3,116.30000000000001,1000,1
 8926,1989093006,19.8,116.0,1000,1
 8926,1989093012,20.1,115.5,1000,1
 8926,1989093018,20.200000000000003,115.2,1000,1
 9003,1990051806,20.0,115.30000000000001, 970,4
 9003,1990051812,21.0,116.9, 975,4
 9003,1990051818,21.8,118.7, 980,3
 9006,1990062718,19.8,119.60000000000001, 960,4
 9006,1990062800,20.200000000000003,119.2, 960,4
 9006,1990062806,21.0,118.60000000000001, 960,4
 9006,1990062812,21.700000000000003,118.2, 960,4
 9006,1990062818,22.400000000000002,117.80000000000001, 960,4
 9009,1990072612,20.0,119.60000000000001,1000,1
 9009,1990072618,19.6,120.0,1000,1
 9009,1990072700,19.200000000000003,120.2,1000,1
 9009,1990072706,18.8,120.2,1000,1
 9009,1990072712,18.6,119.80000000000001, 998,2
 9009,1990072718,18.6,119.2, 998,2
 9009,1990072800,18.6,118.30000000000001, 995,2
 9009,1990072806,18.6,118.0, 990,2
 9009,1990072812,18.400000000000002,117.5, 990,3
 9009,1990072818,18.3,116.9, 985,3
 9009,1990072900,18.2,116.4, 985,3
 9009,1990072906,18.6,116.2, 985,3
 9009,1990072912,18.7,116.10000000000001, 980,3
 9009,1990072918,18.8,116.0, 980,3
 9009,1990073000,19.0,115.9, 980,3
 9009,1990073006,20.3,115.9, 980,3
 9009,1990073012,21.400000000000002,115.80000000000001, 970,4
 9016,1990082700,18.0,119.0, 975,3
 9016,1990082706,17.8,117.7, 975,3
 9016,1990082712,17.8,116.4, 970,4
 9019,1990091418,18.400000000000002,120.0, 970,4
 9019,1990091500,18.1,119.0, 970,4
 9019,1990091506,17.7,118.0, 970,4
 9019,1990091512,17.5,117.0, 970,4
 9105,1991061600,18.8,119.5,1000,1
 9105,1991061606,20.0,119.80000000000001,1000,1
 9105,1991061612,20.700000000000003,120.7,1000,1
 9107,1991071900,22.5,118.7, 940,5
 9108,1991072218,19.200000000000003,120.0, 980,3
 9108,1991072300,20.0,118.30000000000001, 980,3
 9108,1991072306,20.8,116.5, 975,4
 9111,1991081300,19.0,120.2,1000,1
 9111,1991081306,18.900000000000002,119.7, 998,1
 9111,1991081312,18.8,119.0, 995,2
 9111,1991081318,18.900000000000002,118.60000000000001, 995,2
 9111,1991081400,19.200000000000003,118.10000000000001, 985,3
 9111,1991081406,19.400000000000002,117.30000000000001, 985,3
 9111,1991081412,19.8,116.7, 980,3
 9111,1991081418,19.900000000000002,115.5, 975,3
 9116,1991090300,18.0,119.0,1000,1
 9116,1991090306,18.5,118.7,1000,1
 9116,1991090312,18.8,118.4,1000,1
 9116,1991090318,19.3,118.2,1000,1
 9116,1991090400,19.8,117.7, 995,2
 9116,1991090406,20.0,116.80000000000001, 995,2
 9116,1991090412,20.1,115.80000000000001, 995,2
 9119,1991091612,20.400000000000002,119.9, 995,2
 9119,1991091618,20.400000000000002,119.4, 995,2
 9119,1991091700,20.6,118.60000000000001, 995,2
 9119,1991091706,20.6,118.60000000000001, 995,2
 9119,1991091712,20.3,118.0, 995,2
 9119,1991091718,20.3,117.80000000000001, 995,2
 9119,1991091800,19.8,118.5, 995,2
 9119,1991091806,19.400000000000002,119.2, 995,2
 9119,1991091812,19.6,119.60000000000001, 995,2
 9119,1991091818,19.8,119.80000000000001, 995,2
 9119,1991091900,20.1,120.2, 995,2
 9119,1991092400,22.5,118.5, 990,2
 9119,1991092406,22.400000000000002,118.10000000000001, 990,2
 9119,1991092412,22.0,118.10000000000001, 995,1
 9119,1991092418,21.0,118.0,1000,1
 9119,1991092500,20.1,117.0,1000,1
 9119,1991092506,19.6,116.60000000000001,1000,1
 9119,1991092512,19.0,116.30000000000001,1000,1
 9119,1991092518,18.400000000000002,116.0,1002,1
 9119,1991092918,17.900000000000002,116.5, 985,3
 9119,1991093000,18.8,116.9, 985,3
 9119,1991093006,19.900000000000002,117.30000000000001, 985,3
 9119,1991093012,20.8,117.60000000000001, 980,3
 9119,1991093018,21.700000000000003,117.60000000000001, 975,3
 9119,1991100100,22.200000000000003,117.5, 975,3
 9123,1991102818,18.2,119.9, 980,3
 9123,1991102900,18.8,119.60000000000001, 980,3
 9123,1991102906,19.3,119.60000000000001, 985,3
 9123,1991102912,19.700000000000003,119.80000000000001, 990,2
 9123,1991102918,20.1,120.10000000000001, 998,1
 9124,1991111312,19.8,120.5, 995,2
 9124,1991111318,19.700000000000003,120.0, 998,2
 9124,1991111400,19.6,119.9, 998,2
 9124,1991111406,19.0,119.5,1000,1
 9124,1991111412,18.5,119.4,1004,1
 9127,1991111818,17.7,117.7, 990,3
 9127,1991111900,17.8,117.2, 995,2
 9206,1992071518,18.5,119.2,1004,1
 9206,1992071600,19.0,118.0,1004,1
 9206,1992071606,19.200000000000003,116.30000000000001,1004,1
 9207,1992072018,17.400000000000002,118.7, 995,2
 9207,1992072100,17.8,116.80000000000001, 990,2
 9207,1992072106,18.400000000000002,116.0, 990,2
 9207,1992072112,19.0,115.5, 985,3
 9212,1992081500,18.400000000000002,117.5,1000,1
 9212,1992081506,19.0,117.2,1000,1
 9212,1992081512,19.8,117.0, 995,1
 9212,1992081518,20.8,116.7, 995,1
 9212,1992081600,21.200000000000003,117.30000000000001, 990,2
 9212,1992081606,21.0,117.80000000000001, 990,2
 9212,1992081612,20.8,118.0, 990,2
 9212,1992081618,20.8,118.0, 990,2
 9212,1992081700,21.0,117.5, 990,3
 9212,1992081706,21.5,117.5, 985,3
 9212,1992081712,22.0,117.80000000000001, 985,3
 9212,1992081718,22.5,118.0, 985,3
 9212,1992081800,22.5,118.0, 985,3
 9302,1993062612,19.0,118.60000000000001, 960,4
 9302,1993062618,19.700000000000003,117.0, 960,4
 9302,1993062700,20.0,115.30000000000001, 960,4
 9309,1993081806,19.6,120.2, 985,3
 9309,1993081812,19.8,118.9, 985,3
 9309,1993081818,20.0,118.0, 985,3
 9309,1993081900,19.700000000000003,116.9, 985,3
 9309,1993081906,19.6,116.0, 980,3
 9315,1993091200,21.0,120.5, 975,4
 9315,1993091206,21.1,119.7, 970,4
 9315,1993091212,21.3,119.2, 960,4
 9315,1993091218,21.5,118.80000000000001, 955,5
 9315,1993091300,21.900000000000002,118.30000000000001, 950,5
 9315,1993091306,22.1,117.9, 945,5
 9315,1993091312,22.3,117.60000000000001, 945,5
 9316,1993091600,18.8,120.0, 990,2
 9316,1993091606,19.3,118.4, 985,3
 9316,1993091612,20.0,116.80000000000001, 985,3
 9318,1993092100,17.900000000000002,117.0,1005,1
 9318,1993092106,18.0,116.2,1005,1
 9401,1994040818,17.5,117.5,1000,1
 9401,1994040900,18.0,118.0,1002,1
 9401,1994040906,18.5,118.5,1005,1
 9403,1994060400,19.900000000000002,115.5, 998,2
 9403,1994060406,19.8,116.30000000000001, 990,3
 9403,1994060412,20.1,117.0, 985,3
 9403,1994060418,20.1,117.0, 985,3
 9403,1994060500,20.200000000000003,117.2, 985,3
 9403,1994060506,20.200000000000003,117.2, 980,3
 9403,1994060512,19.900000000000002,117.0, 980,3
 9403,1994060518,19.700000000000003,116.5, 980,3
 9403,1994060600,19.6,116.0, 980,3
 9403,1994060606,19.6,115.30000000000001, 980,3
 9405,1994070212,18.5,118.7,1003,1
 9405,1994070218,18.6,117.0,1002,1
 9407,1994071018,17.8,119.5, 990,2
 9407,1994071100,19.700000000000003,119.7, 990,2
 9407,1994071106,21.3,119.5, 992,2
 9419,1994082512,18.0,118.4,1000,2
 9419,1994082518,18.2,117.10000000000001, 995,2
 9419,1994082600,18.5,116.0, 990,2
 9424,1994091018,19.0,119.7, 990,2
 9424,1994091100,19.5,118.5, 990,2
 9424,1994091106,20.400000000000002,117.7, 990,2
 9424,1994091112,20.3,116.60000000000001, 990,2
 9424,1994091118,20.1,115.30000000000001, 990,2
 9436,1994122518,19.400000000000002,115.60000000000001, 998,2
 9436,1994122600,18.900000000000002,115.9, 998,1
 9436,1994122606,18.7,116.10000000000001, 998,1
 9436,1994122612,19.200000000000003,116.2, 998,1
 9436,1994122618,19.200000000000003,116.2, 998,1
 9502,1995060412,17.900000000000002,119.0, 995,2
 9502,1995060418,18.6,119.10000000000001, 995,2
 9502,1995060500,19.1,119.10000000000001, 995,2
 9502,1995060506,19.200000000000003,119.0, 995,2
 9502,1995060512,19.200000000000003,119.0, 995,2
 9502,1995060518,19.1,118.9, 990,2
 9502,1995060600,19.0,118.7, 990,2
 9502,1995060606,18.900000000000002,118.60000000000001, 990,2
 9502,1995060612,18.8,118.30000000000001, 990,2
 9502,1995060618,18.900000000000002,118.10000000000001, 990,2
 9502,1995060700,19.1,117.9, 990,2
 9502,1995060706,19.6,117.7, 990,2
 9502,1995060712,19.8,117.80000000000001, 990,2
 9502,1995060718,20.900000000000002,118.2, 995,2
 9502,1995060800,21.900000000000002,118.9, 998,2
 9504,1995072806,18.2,119.5,1000,1
 9504,1995072812,18.2,119.5, 998,1
 9504,1995072818,18.7,119.10000000000001, 998,1
 9504,1995072900,18.900000000000002,118.5, 998,1
 9504,1995072906,19.0,118.0, 995,2
 9504,1995072912,19.200000000000003,117.80000000000001, 995,2
 9504,1995072918,19.3,117.5, 995,2
 9504,1995073000,19.3,117.5, 995,2
 9504,1995073006,19.400000000000002,117.30000000000001, 990,3
 9504,1995073012,20.0,117.0, 990,3
 9504,1995073018,21.3,117.0, 980,3
 9505,1995080912,19.3,120.30000000000001, 995,2
 9505,1995080918,18.900000000000002,119.30000000000001, 995,2
 9505,1995081000,18.5,118.2, 995,2
 9505,1995081006,17.8,116.80000000000001, 990,2
 9505,1995081100,19.0,115.5, 985,3
 9505,1995081106,20.0,115.30000000000001, 980,3
 9509,1995083012,21.1,119.7, 945,5
 9509,1995083018,21.700000000000003,118.2, 950,5
 9509,1995083100,22.3,116.80000000000001, 955,5
 9514,1995092100,19.1,116.2, 950,5
 9514,1995092106,19.8,117.5, 950,5
 9514,1995092112,20.400000000000002,118.60000000000001, 950,5
 9514,1995092118,20.8,119.7, 950,5
 9603,1996052018,18.2,116.5, 995,2
 9603,1996052100,18.5,117.2, 995,2
 9603,1996052106,18.8,118.0, 995,2
 9603,1996052112,19.200000000000003,118.80000000000001, 990,2
 9603,1996052118,19.5,119.5, 990,2
 9603,1996052200,19.8,120.30000000000001, 990,2
 9610,1996080606,21.0,115.80000000000001, 990,3
 9615,1996090800,19.400000000000002,119.80000000000001, 950,5
 9615,1996090806,19.900000000000002,117.80000000000001, 940,5
 9615,1996090812,20.400000000000002,115.7, 935,5
 9621,1996101812,18.3,120.0, 975,4
 9621,1996101818,18.6,119.5, 980,3
 9621,1996101900,18.8,118.2, 980,3
 9621,1996101906,18.900000000000002,117.5, 980,3
 9621,1996101912,19.0,116.60000000000001, 985,3
 9621,1996101918,18.7,115.9, 990,2
 9624,1996110912,18.2,117.4, 998,1
 9624,1996110918,18.8,117.80000000000001, 996,1
 9624,1996111000,19.400000000000002,117.9, 994,2
 9624,1996111006,19.900000000000002,117.80000000000001, 994,2
 9624,1996111012,20.1,117.7, 994,2
 9624,1996111018,20.3,117.9, 994,2
 9624,1996111100,20.200000000000003,118.2, 992,2
 9624,1996111106,19.8,118.5, 992,2
 9624,1996111112,19.5,119.0, 992,2
 9624,1996111118,19.400000000000002,119.5, 992,2
 9624,1996111200,19.200000000000003,120.0, 992,2
 9624,1996111206,18.6,120.10000000000001, 994,2
 9713,1997082000,17.5,117.0,1000,1
 9713,1997082006,18.0,117.5,1000,1
 9713,1997082012,18.6,117.2, 998,1
 9713,1997082018,19.0,116.60000000000001, 998,1
 9713,1997082100,19.400000000000002,115.80000000000001, 995,2
 9801,1998070800,20.1,118.30000000000001,1004,1
 9801,1998070806,20.8,118.80000000000001,1002,1
 9801,1998070812,21.6,118.7,1002,1
 9801,1998070818,22.1,118.60000000000001,1002,1
 9801,1998070900,22.5,118.60000000000001,1002,1
 9803,1998080818,18.400000000000002,118.9,1000,1
 9803,1998080900,19.0,117.80000000000001, 998,2
 9803,1998080906,19.400000000000002,116.60000000000001, 990,2
 9803,1998080912,19.5,115.9, 990,2
 9810,1998102318,17.400000000000002,118.60000000000001, 975,4
 9810,1998102400,18.0,118.0, 975,4
 9810,1998102406,18.0,117.4, 975,4
 9810,1998102412,18.400000000000002,116.7, 975,4
 9810,1998102418,18.7,116.2, 975,4
 9810,1998102500,19.1,115.80000000000001, 975,4
 9810,1998102506,19.700000000000003,115.80000000000001, 975,4
 9810,1998102512,20.200000000000003,115.9, 975,4
 9810,1998102518,20.5,116.10000000000001, 975,4
 9810,1998102600,20.8,116.2, 975,4
 9810,1998102606,21.700000000000003,116.7, 975,4
 9810,1998102612,22.400000000000002,117.30000000000001, 975,4
 9902,1999043018,20.0,115.4, 970,4
 9902,1999050100,20.400000000000002,115.60000000000001, 975,3
 9902,1999050106,20.700000000000003,115.7, 980,3
 9903,1999060600,22.0,119.80000000000001, 970,4
 9903,1999060606,22.5,118.2, 970,4
 9908,1999082012,18.6,120.0, 985,3
 9908,1999082018,18.900000000000002,119.2, 985,3
 9908,1999082100,19.200000000000003,118.5, 980,3
 9908,1999082106,19.900000000000002,117.7, 980,3
 9908,1999082112,20.200000000000003,117.10000000000001, 980,3
 9908,1999082118,21.0,116.0, 980,3
 9909,1999090218,19.5,120.80000000000001, 998,1
 9909,1999090300,20.200000000000003,119.5, 995,2
 9909,1999090306,21.400000000000002,118.30000000000001, 995,2
 9909,1999090312,22.0,117.30000000000001, 995,2
 9910,1999091300,18.2,119.30000000000001, 995,1
 9910,1999091306,18.5,118.7, 995,2
 9910,1999091312,18.7,117.7, 995,2
 9910,1999091318,18.900000000000002,116.7, 992,2
 9910,1999091400,19.3,116.30000000000001, 992,2
 9910,1999091406,20.0,116.80000000000001, 990,2
 9910,1999091412,20.400000000000002,116.4, 985,3
 9910,1999091418,20.700000000000003,116.2, 985,3
 9910,1999091500,21.0,116.0, 980,3
 9910,1999091506,21.200000000000003,115.5, 980,3
 9913,1999092418,20.3,115.30000000000001, 995,2
 9913,1999092500,21.1,115.4, 990,2
 9914,1999100512,18.5,120.10000000000001, 965,4
 9914,1999100518,18.5,119.5, 970,4
 9914,1999100600,18.5,118.9, 970,4
 9914,1999100606,18.8,118.30000000000001, 970,4
 9914,1999100612,19.1,117.80000000000001, 970,4
 9914,1999100618,19.5,117.7, 970,4
 9914,1999100700,19.8,117.7, 970,4
 9914,1999100706,20.200000000000003,117.9, 970,4
 9914,1999100712,20.700000000000003,118.2, 965,4
 9914,1999100718,21.3,118.2, 965,4
 9914,1999100800,21.700000000000003,118.10000000000001, 965,4
 9914,1999100806,22.200000000000003,117.9, 965,4
 9914,1999100812,22.5,118.0, 965,4
 0004,2000070512,19.1,120.30000000000001, 995,1
 0004,2000070518,19.5,120.10000000000001, 990,2
 0004,2000070600,19.6,119.9, 985,3
 0004,2000070606,19.700000000000003,119.60000000000001, 980,3
 0004,2000070612,20.0,119.10000000000001, 975,3
 0004,2000070618,20.1,118.7, 975,3
 0004,2000070700,19.5,118.30000000000001, 970,4
 0004,2000070706,19.700000000000003,118.7, 970,4
 0004,2000070712,19.700000000000003,118.9, 970,4
 0004,2000070718,19.8,119.0, 965,4
 0004,2000070800,20.0,119.4, 965,4
 0004,2000070806,20.200000000000003,119.60000000000001, 965,4
 0004,2000070812,20.5,120.2, 970,4
 0013,2000082900,18.8,115.5,1000,1
 0013,2000082906,18.8,115.5, 997,2
 0013,2000082912,19.1,115.60000000000001, 997,2
 0013,2000083006,18.6,115.7, 997,2
 0013,2000083012,19.1,116.0, 997,2
 0013,2000083018,19.5,116.2, 990,2
 0013,2000083100,20.400000000000002,116.2, 990,2
 0013,2000083106,20.900000000000002,115.7, 985,2
 0016,2000090600,17.7,117.60000000000001, 995,2
 0016,2000090606,18.2,117.60000000000001, 995,2
 0016,2000090612,18.8,117.10000000000001, 985,3
 0016,2000090618,19.200000000000003,116.60000000000001, 985,3
 0016,2000090700,18.900000000000002,115.9, 980,3
 0016,2000090706,18.900000000000002,115.60000000000001, 975,4
 0020,2000103018,18.2,119.60000000000001, 965,4
 0020,2000103100,18.6,119.7, 965,4
 0020,2000103106,19.6,120.2, 965,4
 0020,2000103112,20.900000000000002,120.5, 965,4
 0021,2000110506,17.8,116.80000000000001, 980,3
 0021,2000110512,18.400000000000002,116.7, 980,3
 0021,2000110518,19.1,116.80000000000001, 980,3
 0021,2000110600,19.700000000000003,117.0, 975,3
 0021,2000110606,20.1,117.0, 975,3
 0021,2000110612,20.3,116.80000000000001, 980,3
 0021,2000110618,20.400000000000002,116.4, 998,2
 0021,2000110700,20.400000000000002,115.7,1000,1
 0101,2001051106,17.6,119.10000000000001, 998,2
 0101,2001051112,18.1,119.2, 998,2
 0101,2001051118,18.5,119.5, 995,2
 0101,2001051200,18.900000000000002,119.9, 990,2
 0101,2001051206,19.5,120.4, 990,2
 0102,2001062218,21.0,119.9, 970,4
 0102,2001062300,22.200000000000003,119.4, 960,4
 0104,2001070412,19.200000000000003,120.5, 965,4
 0104,2001070418,19.5,119.9, 965,4
 0104,2001070500,20.5,118.5, 965,4
 0104,2001070506,20.900000000000002,117.5, 965,4
 0104,2001070512,21.200000000000003,116.60000000000001, 965,4
 0104,2001070518,21.8,116.0, 965,4
 0107,2001072318,20.1,120.0, 995,2
 0107,2001072400,20.400000000000002,118.5, 990,2
 0107,2001072406,20.6,117.0, 980,3
 0107,2001072412,20.6,115.9, 975,4
 0116,2001091906,22.5,119.0, 998,2
 0116,2001091912,22.5,119.0, 998,2
 0116,2001091918,22.6,117.9, 995,2
 0204,2002060606,20.0,115.5,1000,1
 0204,2002060612,20.0,116.30000000000001, 998,1
 0204,2002060618,20.0,117.0, 998,1
 0204,2002060700,20.1,118.0, 998,1
 0204,2002060706,20.3,118.80000000000001, 998,1
 0204,2002060712,20.400000000000002,119.9, 998,1
 0208,2002070718,21.3,116.4, 995,1
 0208,2002070800,21.400000000000002,117.0, 992,1
 0208,2002070806,21.6,117.7, 992,1
 0208,2002070812,22.0,118.5, 992,1
 0208,2002070818,22.400000000000002,118.80000000000001, 995,2
 0212,2002080118,19.0,120.0,1000,1
 0212,2002080200,19.5,119.5,1000,1
 0212,2002080206,19.5,119.5,1000,1
 0212,2002080212,19.8,118.5,1000,1
 0212,2002080218,20.200000000000003,117.80000000000001, 998,1
 0212,2002080300,20.8,117.30000000000001, 996,1
 0212,2002080306,20.900000000000002,116.5, 992,1
 0212,2002080312,20.8,115.60000000000001, 992,1
 0218,2002090918,19.400000000000002,118.7,1000,1
 0218,2002091000,19.5,118.0,1000,1
 0218,2002091006,19.900000000000002,117.0, 996,1
 0218,2002091012,20.1,116.2, 992,2
 0218,2002091018,20.5,115.5, 992,2
 0305,2003060106,17.6,117.5, 998,1
 0305,2003060112,18.3,118.2, 995,2
 0305,2003060118,19.5,118.9, 990,2
 0305,2003060200,20.400000000000002,119.4, 990,2
 0305,2003060206,20.700000000000003,120.0, 990,3
 0307,2003072218,18.0,118.4, 950,5
 0307,2003072300,18.400000000000002,117.0, 955,4
 0307,2003072306,18.8,115.5, 955,4
 0312,2003082306,17.6,118.0, 970,4
 0312,2003082312,17.7,116.80000000000001, 970,4
 0313,2003090118,21.6,120.2, 950,5
 0313,2003090200,21.900000000000002,118.0, 950,5
 0313,2003090206,22.3,116.5, 960,4
 0319,2003110200,20.1,120.7, 985,3
 0319,2003110206,20.6,120.7, 985,2
 0404,2004060718,17.900000000000002,119.10000000000001, 990,3
 0404,2004060800,18.6,119.4, 980,3
 0404,2004060806,19.400000000000002,119.7, 975,4
 0404,2004060812,19.900000000000002,120.10000000000001, 970,4
 0404,2004060818,20.5,120.60000000000001, 970,4
 0409,2004071418,20.1,120.2, 990,2
 0409,2004071500,20.0,118.9, 990,2
 0409,2004071506,20.200000000000003,118.2, 990,2
 0409,2004071512,20.8,117.10000000000001, 990,2
 0409,2004071518,21.200000000000003,116.0, 990,2
 0411,2004072606,19.200000000000003,118.2,1000,1
 0411,2004072612,19.400000000000002,117.9,1000,1
 0411,2004072618,21.700000000000003,117.7,1000,1
 0428,2004120300,18.1,119.10000000000001, 975,4
 0428,2004120306,19.200000000000003,118.7, 980,3
 0428,2004120312,20.200000000000003,118.30000000000001, 980,3
 0428,2004120318,21.6,119.10000000000001, 985,3
 0510,2005081206,19.700000000000003,119.9, 990,2
 0510,2005081212,20.5,119.10000000000001, 985,3
 0510,2005081218,21.5,118.2, 985,3
 0518,2005092200,19.8,120.60000000000001, 990,2
 0518,2005092206,20.0,120.2, 990,2
 0518,2005092212,20.1,119.60000000000001, 990,2
 0518,2005092218,20.1,118.9, 990,2
 0518,2005092300,20.1,118.2, 990,2
 0518,2005092306,20.3,117.30000000000001, 990,2
 0518,2005092312,20.3,116.7, 990,2
 0518,2005092318,20.3,116.0, 985,3
 0518,2005092400,20.0,115.4, 980,3
 0522,2005111106,18.0,119.10000000000001,1004,1
 0522,2005111112,19.1,118.0,1004,1
 0522,2005111118,19.5,117.30000000000001,1006,1
 0522,2005111200,19.400000000000002,116.2,1008,0
 0601,2006051618,19.5,115.30000000000001, 950,5
 0601,2006051700,20.5,115.60000000000001, 950,5
 0601,2006051706,21.3,116.0, 960,4
 0601,2006051712,22.400000000000002,116.7, 960,4
 0609,2006080912,22.5,117.4, 998,1
 0609,2006080918,21.900000000000002,116.80000000000001, 998,1
 0609,2006081000,21.5,116.4, 998,1
 0609,2006081006,21.5,116.0, 998,1
 0620,2006103106,17.8,116.80000000000001, 960,4
 0620,2006103112,18.3,116.60000000000001, 960,4
 0620,2006103118,18.6,116.5, 960,4
 0620,2006110100,18.8,116.2, 950,5
 0620,2006110106,18.900000000000002,116.2, 950,5
 0620,2006110112,19.0,116.30000000000001, 950,5
 0620,2006110118,19.1,116.4, 950,5
 0620,2006110200,19.1,116.5, 950,5
 0620,2006110206,19.0,116.60000000000001, 960,4
 0620,2006110212,18.8,116.60000000000001, 975,4
 0620,2006110218,18.400000000000002,116.5, 980,3
 0707,2007080800,22.200000000000003,118.9, 980,3
 0707,2007080806,22.3,117.4, 985,3
 0714,2007092200,19.400000000000002,120.10000000000001,1002,1
 0714,2007092206,19.6,119.4,1000,1
 0714,2007092212,19.8,118.30000000000001,1000,1
 0714,2007092218,19.700000000000003,117.2,1000,1
 0714,2007092300,19.5,116.0, 998,1
 0722,2007110506,17.8,119.2, 990,3
 0722,2007110512,17.900000000000002,119.0, 990,3
 0722,2007110518,18.0,118.80000000000001, 985,3
 0722,2007110600,18.3,118.5, 980,3
 0722,2007110606,18.6,118.30000000000001, 975,4
 0722,2007110612,18.7,118.10000000000001, 975,4
 0722,2007110618,18.5,117.80000000000001, 975,4
 0722,2007110700,18.5,117.5, 980,3
 0722,2007110706,18.400000000000002,117.0, 980,3
 0724,2007112612,20.0,120.5, 975,4
 0724,2007112618,20.6,120.5, 980,3
 0806,2008062306,17.5,117.0, 985,3
 0806,2008062312,18.0,116.4, 985,3
 0806,2008062318,18.6,116.0, 985,3
 0806,2008062400,19.700000000000003,115.80000000000001, 985,3
 0806,2008062406,20.5,115.4, 985,3
 0809,2008080312,19.1,120.2,1002,1
 0809,2008080318,19.1,119.5,1002,1
 0809,2008080400,19.200000000000003,118.80000000000001,1000,1
 0809,2008080406,19.3,118.10000000000001,1000,1
 0809,2008080412,19.400000000000002,117.60000000000001, 996,1
 0809,2008080418,19.6,117.0, 994,1
 0809,2008080500,19.900000000000002,116.2, 990,2
 0809,2008080506,20.3,115.5, 990,2
 0812,2008082012,19.6,120.5, 960,4
 0812,2008082018,19.900000000000002,119.2, 965,4
 0812,2008082100,20.1,118.2, 965,4
 0812,2008082106,20.3,117.2, 970,4
 0812,2008082112,20.6,116.5, 970,4
 0812,2008082118,21.0,115.9, 975,4
 0814,2008092212,19.5,120.80000000000001, 950,5
 0814,2008092218,19.900000000000002,119.10000000000001, 950,5
 0814,2008092300,20.200000000000003,117.30000000000001, 940,5
 0814,2008092306,20.400000000000002,115.7, 940,5
 0903,2009061712,17.7,116.60000000000001,1002,1
 0903,2009061718,17.8,116.4,1002,1
 0903,2009061900,17.8,117.2, 995,2
 0903,2009061906,18.400000000000002,117.30000000000001, 990,2
 0903,2009061912,19.1,117.30000000000001, 990,3
 0903,2009061918,19.6,117.2, 990,3
 0903,2009062000,20.1,117.2, 985,3
 0903,2009062006,20.6,117.4, 980,3
 0903,2009062012,21.200000000000003,117.80000000000001, 980,3
 0903,2009062018,21.900000000000002,118.10000000000001, 980,3
 0904,2009062512,17.400000000000002,117.7, 996,2
 0904,2009062518,18.400000000000002,116.9, 996,2
 0904,2009062600,19.200000000000003,116.30000000000001, 996,2
 0904,2009062606,20.700000000000003,115.7, 990,2
 0905,2009071006,19.1,119.9,1000,1
 0905,2009071012,19.3,118.2, 998,1
 0905,2009071018,19.5,116.80000000000001, 996,1
 0905,2009071100,19.700000000000003,115.5, 995,2
 0906,2009071718,21.0,119.60000000000001, 975,4
 0906,2009071800,21.400000000000002,118.30000000000001, 975,4
 0906,2009071806,21.700000000000003,117.2, 970,4
 0907,2009080200,17.6,118.7, 992,1
 0907,2009080206,18.0,116.9, 992,2
 0907,2009080212,18.1,116.5, 992,2
 0907,2009080218,18.3,116.10000000000001, 992,2
 0907,2009080300,18.5,115.9, 992,2
 0907,2009080306,19.200000000000003,115.60000000000001, 992,2
 0907,2009080312,19.8,115.2, 990,2
 0913,2009090906,17.7,118.4,1000,1
 0913,2009090912,18.2,117.4, 998,1
 0913,2009090918,18.5,116.5, 998,1
 0915,2009091300,19.5,120.0,1000,2
 0915,2009091306,19.3,119.10000000000001, 998,2
 0915,2009091312,19.400000000000002,117.9, 998,2
 0915,2009091318,19.900000000000002,116.60000000000001, 995,2
 0915,2009091400,20.0,115.80000000000001, 990,2
 0917,2009100400,18.8,120.2, 970,4
 0917,2009100406,19.3,119.80000000000001, 970,4
 0917,2009100412,19.700000000000003,119.60000000000001, 975,4
 0917,2009100418,19.900000000000002,119.5, 980,3
 0917,2009100500,20.0,119.60000000000001, 985,3
 0917,2009100506,20.1,119.7, 985,3
 0917,2009100512,20.0,119.80000000000001, 985,3
 0917,2009100518,19.8,119.9, 985,3
 0917,2009100600,19.3,120.2, 985,3
 0917,2009100606,19.0,120.5, 985,3
 0917,2009101006,18.0,118.10000000000001,1000,1
 0917,2009101012,18.3,117.0,1000,1
 1006,2010082800,17.400000000000002,117.7,1004,1
 1006,2010082806,18.2,117.2,1002,1
 1006,2010082812,18.8,116.7,1002,1
 1006,2010082818,19.200000000000003,116.4,1000,2
 1006,2010082900,19.6,116.2, 998,2
 1006,2010082906,20.200000000000003,116.10000000000001, 995,2
 1006,2010082912,20.400000000000002,116.30000000000001, 995,2
 1006,2010082918,20.700000000000003,116.30000000000001, 995,2
 1006,2010083000,20.900000000000002,116.5, 995,2
 1006,2010083006,20.900000000000002,116.7, 990,3
 1006,2010083012,20.8,117.0, 985,3
 1006,2010083018,20.8,117.30000000000001, 990,3
 1006,2010083100,20.8,117.60000000000001, 990,3
 1006,2010083106,20.5,118.10000000000001, 990,3
 1006,2010083112,20.700000000000003,119.10000000000001, 990,3
 1006,2010083118,21.5,119.5, 990,3
 1006,2010090100,22.3,119.5, 990,3
 1010,2010090806,21.0,119.7,1000,2
 1010,2010090812,20.900000000000002,119.30000000000001, 995,2
 1010,2010090818,20.700000000000003,119.0, 995,2
 1010,2010090900,21.3,119.4, 992,2
 1010,2010090906,22.200000000000003,119.10000000000001, 985,3
 1013,2010102006,17.8,117.2, 940,5
 1013,2010102012,18.400000000000002,117.2, 940,5
 1013,2010102018,18.8,117.4, 940,5
 1013,2010102100,19.400000000000002,117.5, 940,5
 1013,2010102106,19.900000000000002,117.60000000000001, 940,5
 1013,2010102112,20.200000000000003,117.80000000000001, 940,5
 1013,2010102118,20.6,118.0, 940,5
 1013,2010102200,21.0,118.2, 950,5
 1013,2010102206,21.6,118.30000000000001, 950,5
 1013,2010102212,22.3,118.30000000000001, 960,4
 1103,2011061000,18.7,117.60000000000001, 995,2
 1103,2011061006,20.1,117.10000000000001, 995,2
 1103,2011061012,21.3,116.9, 995,2
 1104,2011062000,20.1,120.0,1000,1
 1104,2011062006,20.200000000000003,118.60000000000001,1000,1
 1104,2011062012,19.900000000000002,117.5,1000,1
 1104,2011062018,19.6,116.9, 998,1
 1104,2011062100,19.400000000000002,116.30000000000001, 998,1
 1104,2011062106,19.3,115.9, 996,2
 1104,2011062112,19.1,115.5, 994,2
 1108,2011072718,17.900000000000002,118.30000000000001, 990,2
 1108,2011072800,18.1,116.80000000000001, 990,2
 1120,2011101406,17.7,117.30000000000001,1000,1
 1120,2011101412,18.1,117.4,1002,1
 1120,2011101418,18.6,117.60000000000001,1002,1
 1120,2011101500,19.1,117.80000000000001,1002,1
 1120,2011101506,19.200000000000003,118.0,1004,0
 1205,2012061906,20.400000000000002,115.5, 985,3
 1205,2012061912,21.0,116.10000000000001, 985,3
 1205,2012061918,21.6,116.9, 985,3
 1206,2012062818,19.8,120.2, 990,2
 1206,2012062900,20.3,117.7, 990,2
 1206,2012062906,20.6,116.4, 990,2
 1208,2012072018,18.900000000000002,120.30000000000001,1000,1
 1208,2012072100,19.0,119.0,1000,1
 1208,2012072106,19.200000000000003,118.0, 998,1
 1208,2012072112,19.3,116.9, 995,2
 1208,2012072118,19.3,115.9, 992,2
 1208,2012072200,19.3,115.30000000000001, 990,2
 1213,2012081512,18.6,119.2, 985,3
 1213,2012081518,18.7,118.2, 980,3
 1213,2012081600,19.1,117.10000000000001, 975,4
 1213,2012081606,19.3,115.7, 975,4
 1214,2012082418,22.400000000000002,119.0, 975,4
 1214,2012082500,22.400000000000002,118.30000000000001, 975,4
 1214,2012082506,22.3,117.80000000000001, 975,4
 1214,2012082512,21.900000000000002,117.2, 970,4
 1214,2012082518,21.400000000000002,116.80000000000001, 965,4
 1214,2012082600,21.0,116.80000000000001, 965,4
 1214,2012082606,20.8,116.9, 965,4
 1214,2012082612,20.700000000000003,117.2, 970,4
 1214,2012082618,20.5,117.7, 970,4
 1214,2012082700,20.5,118.2, 975,4
 1214,2012082706,20.900000000000002,119.0, 975,4
 1214,2012082712,21.3,119.80000000000001, 975,4
 1224,2012120806,17.5,117.9, 955,5
 1224,2012120812,17.8,118.60000000000001, 970,4
 1224,2012120818,18.0,119.0, 992,2
 1224,2012120900,18.3,119.2,1004,1
 1224,2012120906,18.1,119.4,1006,0
 1305,2013062100,18.1,116.30000000000001, 998,2
 1308,2013071706,19.700000000000003,120.80000000000001, 998,2
 1308,2013071712,20.1,119.5, 995,2
 1308,2013071718,20.700000000000003,118.5, 995,2
 1308,2013071800,21.700000000000003,118.10000000000001, 990,2
 1311,2013081212,17.8,117.9, 960,4
 1311,2013081218,18.0,116.7, 960,4
 1319,2013092112,21.1,119.80000000000001, 930,6
 1319,2013092118,21.400000000000002,118.9, 930,5
 1319,2013092200,21.8,117.9, 930,5
 1319,2013092206,22.400000000000002,116.80000000000001, 930,5
 1329,2013103118,18.7,120.30000000000001, 960,4
 1329,2013110100,18.900000000000002,119.4, 965,4
 1329,2013110106,19.1,118.2, 965,4
 1329,2013110112,19.3,117.30000000000001, 955,5
 1329,2013110118,19.5,116.4, 950,5
 1329,2013110200,19.6,115.9, 950,5
 1329,2013110206,19.900000000000002,115.30000000000001, 950,5
 1406,2014060900,20.700000000000003,120.0,1000,1
 1406,2014060906,20.700000000000003,120.7,1000,1
 1407,2014061312,19.8,116.60000000000001, 996,1
 1407,2014061318,20.1,116.9, 996,1
 1407,2014061400,20.400000000000002,116.9, 994,1
 1407,2014061406,20.700000000000003,116.80000000000001, 992,2
 1407,2014061412,21.1,116.80000000000001, 990,2
 1407,2014061418,21.6,116.80000000000001, 988,2
 1407,2014061500,22.200000000000003,116.7, 988,2
 1415,2014091418,18.1,119.60000000000001, 975,4
 1415,2014091500,18.0,118.0, 975,4
 1415,2014091506,18.400000000000002,116.2, 970,4
 1416,2014091912,18.8,120.5, 990,2
 1416,2014091918,18.900000000000002,120.0, 990,2
 1416,2014092000,19.5,119.80000000000001, 990,2
 1416,2014092006,20.0,119.7, 990,2
 1416,2014092012,20.8,119.80000000000001, 990,2
 1416,2014092018,21.400000000000002,120.0, 985,3
 1504,2015040512,18.400000000000002,119.80000000000001,1000,1
 1504,2015040518,19.8,118.30000000000001,1000,1
 1504,2015040600,20.1,117.4,1002,1
 1504,2015040606,20.0,117.0,1002,1
 1510,2015070512,18.0,119.80000000000001, 992,2
 1510,2015070518,18.2,119.4, 992,2
 1510,2015070600,18.7,119.4, 995,2
 1510,2015070606,19.200000000000003,119.30000000000001, 995,2
 1510,2015070612,19.6,119.2, 992,2
 1510,2015070618,19.900000000000002,119.10000000000001, 992,2
 1510,2015070700,20.200000000000003,118.9, 992,2
 1510,2015070706,20.5,118.9, 990,3
 1510,2015070712,20.8,118.80000000000001, 985,3
 1510,2015070718,21.1,118.7, 985,3
 1510,2015070800,21.400000000000002,118.7, 985,3
 1510,2015070806,21.8,118.7, 975,4
 1510,2015070812,22.200000000000003,118.4, 965,4
 1510,2015070818,22.5,117.7, 955,5
 1522,2015100218,17.8,116.5, 990,3
 1524,2015101918,18.400000000000002,120.30000000000001, 990,3
 1604,2016073118,19.5,120.2, 982,3
 1604,2016080100,20.1,118.9, 980,3
 1604,2016080106,21.1,117.5, 975,3
 1604,2016080112,21.8,116.0, 965,4
 1608,2016081506,21.900000000000002,117.10000000000001, 995,1
 1608,2016081512,21.700000000000003,116.30000000000001, 995,1
 1619,2016100600,20.5,120.60000000000001, 998,2
 1619,2016100606,20.6,119.0, 998,2
 1619,2016100612,20.6,118.10000000000001, 995,2
 1619,2016100618,20.5,117.30000000000001, 995,2
 1619,2016100700,20.3,116.5, 992,2
 1619,2016100706,20.700000000000003,116.10000000000001, 992,2
 1619,2016100712,21.0,116.0, 990,3
 1619,2016100718,21.200000000000003,116.10000000000001, 985,3
 1619,2016100800,21.3,116.30000000000001, 985,3
 1619,2016100806,21.5,116.60000000000001, 990,3
 1619,2016100812,21.6,116.9, 992,2
 1619,2016100818,21.700000000000003,117.10000000000001, 995,2
 1619,2016100900,21.8,117.30000000000001, 995,2
 1619,2016100906,21.900000000000002,117.5, 995,2
 1619,2016100912,21.900000000000002,117.7, 998,2
 1619,2016100918,21.8,117.80000000000001, 998,2
 1619,2016101000,21.5,117.80000000000001, 998,2
 1619,2016101006,21.3,117.30000000000001, 998,2
 1619,2016101012,21.0,116.7,1000,1
 1619,2016101018,20.6,116.0,1000,1
 1619,2016101100,20.1,115.4,1000,1
 1622,2016102006,18.900000000000002,118.9, 955,5
 1622,2016102012,19.8,117.5, 955,5
 1622,2016102018,20.6,116.5, 955,5
 1702,2017061112,18.1,116.30000000000001, 998,2
 1702,2017061118,19.3,115.80000000000001, 995,2
 1707,2017072200,20.700000000000003,120.7,1000,1
 1707,2017072206,21.3,119.10000000000001,1000,1
 1707,2017072212,21.6,117.7, 998,2
 1707,2017072218,21.8,116.2, 998,2
 1710,2017072712,19.200000000000003,117.9,1000,1
 1710,2017072718,19.400000000000002,117.30000000000001,1000,1
 1710,2017072800,19.5,116.7, 998,1
 1710,2017072806,19.200000000000003,116.2, 998,1
 1710,2017072812,18.6,115.7, 995,2
 1710,2017072900,18.1,116.30000000000001, 995,2
 1710,2017072906,18.400000000000002,116.9, 995,2
 1710,2017072912,18.8,117.5, 992,2
 1710,2017072918,19.200000000000003,118.2, 992,2
 1710,2017073000,20.1,119.4, 992,2
 1713,2017082200,20.400000000000002,120.10000000000001, 985,3
 1713,2017082206,20.5,118.80000000000001, 980,3
 1713,2017082212,20.6,117.30000000000001, 975,4
 1713,2017082218,21.1,116.0, 965,4
 1714,2017082606,18.1,118.4, 990,2
 1714,2017082612,19.1,116.7, 990,2
 1716,2017083100,19.3,119.9,1002,1
 1716,2017083106,19.400000000000002,119.60000000000001,1002,1
 1716,2017083112,19.6,119.30000000000001,1000,1
 1716,2017083118,19.8,119.10000000000001, 998,2
 1716,2017090100,20.0,118.9, 998,2
 1716,2017090106,20.3,118.60000000000001, 998,2
 1716,2017090112,20.6,118.2, 998,2
 1716,2017090118,20.900000000000002,117.7, 998,2
 1716,2017090200,21.1,117.30000000000001, 990,2
 1716,2017090206,21.3,117.10000000000001, 990,2
 1716,2017090212,21.5,117.0, 990,3
 1716,2017090218,21.8,116.80000000000001, 990,3
 1716,2017090300,22.0,116.60000000000001, 990,3
 1717,2017090518,20.3,120.80000000000001, 998,2
 1717,2017090600,20.400000000000002,120.4, 998,2
 1717,2017090606,20.700000000000003,120.0, 998,2
 1717,2017090612,21.700000000000003,120.0, 998,2
 1717,2017090618,22.200000000000003,119.30000000000001,1000,1
 1720,2017101406,17.7,118.0, 982,3
 1720,2017101412,18.6,117.60000000000001, 980,3
 1720,2017101418,19.5,116.60000000000001, 970,4
 1806,2018061312,21.5,117.30000000000001, 996,1
 1806,2018061318,21.700000000000003,118.0, 996,1
 1806,2018061400,21.8,118.7, 994,1
 1806,2018061406,22.0,119.30000000000001, 994,1
 1809,2018071700,19.400000000000002,118.4, 995,2
 1809,2018071706,19.400000000000002,115.80000000000001, 995,2
 1822,2018091506,18.5,119.7, 945,5
 1822,2018091512,19.200000000000003,118.30000000000001, 945,5
 1822,2018091518,19.8,116.9, 945,5
 1822,2018091600,20.6,115.4, 945,5
 1823,2018091018,21.0,119.5,1002,1
 1823,2018091100,20.8,118.7,1000,2
 1823,2018091106,20.700000000000003,118.10000000000001, 995,2
 1823,2018091112,20.5,117.4, 995,2
 1823,2018091118,20.5,116.4, 995,2
 1823,2018091200,20.700000000000003,115.4, 995,2
 1826,2018103100,17.5,118.2, 982,3
 1826,2018103106,18.0,117.7, 982,3
 1826,2018103112,18.400000000000002,117.30000000000001, 980,3
 1826,2018103118,18.900000000000002,116.9, 980,3
 1826,2018110100,19.5,116.60000000000001, 980,3
 1826,2018110106,20.0,116.5, 985,3
 1826,2018110112,20.3,116.4, 985,3
 1826,2018110118,20.6,116.30000000000001, 990,2
 1826,2018110200,20.700000000000003,116.2, 990,2
 1826,2018110206,20.700000000000003,116.0, 995,2
 1826,2018110212,20.5,115.80000000000001,1000,2
 1826,2018110218,20.200000000000003,115.60000000000001,1004,1
 1826,2018110300,19.900000000000002,115.5,1008,1
 1826,2018110306,19.700000000000003,115.30000000000001,1008,1
